0.5 0.025759895036081348
1.0 0.09757270938115023
1.5 0.2076973540345506
2.0 0.32560682265471247
2.5 0.4277279685108244
3.0 0.5286245353159851
3.5 0.6182812158320578
4.0 0.6961731904657774
4.5 0.7561775639623879
5.0 0.801312048983162
5.5 0.840760988410234
6.0 0.8718565493111743
6.5 0.8934178876011372
7.0 0.909424885195714
7.5 0.9237262191121802
8.0 0.9344850207741089
8.5 0.9456811720970916
9.0 0.95368467089438
9.5 0.9608572053356659
10.0 0.9685108244041111
10.5 0.9730155259129675
11.0 0.9770391427946643
11.5 0.9816750492018369
12.0 0.9860922807784824
12.5 0.9900721626940739
13.0 0.9918215613382899
13.5 0.9932210802536628
14.0 0.9944893942707195
14.5 0.9954515635250383
15.0 0.9958451782199869
15.5 0.9969822873387273
16.0 0.9979444565930461
16.5 0.9983818062541001
17.0 0.9986004810846272
17.5 0.9988191559151541
18.0 0.9990378307456812
18.5 0.9993002405423136
19.0 0.9994314454406298
19.5 0.9996063853050514
20.0 0.9996501202711567
20.5 0.9996938552372622
21.0 0.9996938552372622
21.5 0.9996938552372622
22.0 0.9997375902033676
22.5 0.9997375902033676
23.0 0.9997375902033676
23.5 0.9997375902033676
24.0 0.999781325169473
24.5 0.999781325169473
25.0 0.999781325169473
25.5 0.999781325169473
26.0 0.999781325169473
26.5 0.999781325169473
27.0 0.999781325169473
27.5 0.999781325169473
28.0 0.999781325169473
28.5 0.999781325169473
29.0 0.999781325169473
29.5 0.9998250601355784
30.0 0.9998687951016838
30.5 0.9998687951016838
31.0 0.9999125300677892
31.5 1.0
