0.5 0.009933919740930375
1.0 0.08555424270272635
1.5 0.1708896766005864
2.0 0.28904643122839263
2.5 0.36996192726795324
3.0 0.45853573147783466
3.5 0.5275042667716949
4.0 0.6037810161480898
4.5 0.6809767625049232
5.0 0.7293772701413505
5.5 0.7785217277143233
6.0 0.82718480591659
6.5 0.8519977243884294
7.0 0.8755853135530174
7.5 0.8921710209618835
8.0 0.9078814931512844
8.5 0.923373156535819
9.0 0.9358890201741719
9.5 0.9426283313640541
10.0 0.9540939127390486
10.5 0.9564570478316048
11.0 0.9625399326068881
11.5 0.9706796201479148
12.0 0.9732615640453371
12.5 0.976412410835412
13.0 0.9770688372500109
13.5 0.9806135398888451
14.0 0.9825390573716687
14.5 0.9858211894446632
15.0 0.9891033215176579
15.5 0.9913351713272942
16.0 0.9922979300687059
16.5 0.9935232593759573
17.0 0.9956675856636471
17.5 0.9963240120782461
18.0 0.997155485536738
18.5 0.9972867708196578
19.0 0.9979431972342567
19.5 0.9980307207562032
20.0 0.9980307207562032
20.5 0.9982932913220428
21.0 0.9985558618878824
21.5 0.9986871471708022
22.0 0.9986871471708022
22.5 0.9988184324537219
23.0 0.9988184324537219
23.5 0.9988184324537219
24.0 0.9989059559756684
24.5 0.9990372412585883
25.0 0.9990372412585883
25.5 0.9991247647805348
26.0 0.9992998118244278
26.5 0.9992998118244278
27.0 0.9996061441512406
27.5 0.9996936676731871
28.0 0.9996936676731871
28.5 0.9997374294341604
29.0 0.9997811911951336
29.5 0.9997811911951336
30.0 0.999824952956107
30.5 0.9998687147170802
31.0 0.9998687147170802
31.5 0.9999562382390267
32.0 0.9999562382390267
32.5 0.9999562382390267
33.0 1.0
