0.0 163
0.5 154
1.0 519
1.5 885
2.0 1319
2.5 747
3.0 515
3.5 730
4.0 1137
4.5 772
5.0 1292
5.5 1090
6.0 566
6.5 908
7.0 976
7.5 412
8.0 726
8.5 352
9.0 405
9.5 845
10.0 915
10.5 677
11.0 884
11.5 699
12.0 774
12.5 491
13.0 406
13.5 350
14.0 505
14.5 237
15.0 228
15.5 232
16.0 184
16.5 95
17.0 121
17.5 91
18.0 203
18.5 99
19.0 5
19.5 4
20.0 108
20.5 124
21.0 105
21.5 26
22.0 3
22.5 94
23.0 49
23.5 30
24.0 14
24.5 20
25.0 7
25.5 3
26.0 2
26.5 24
27.0 34
27.5 16
28.0 22
28.5 9
29.0 0
29.5 133
30.0 185
30.5 98
31.0 48
31.5 8
