0.0 380
0.5 1054
1.0 1539
1.5 1500
2.0 1283
2.5 1118
3.0 752
3.5 2155
4.0 1674
4.5 1323
5.0 1488
5.5 1217
6.0 321
6.5 1289
7.0 744
7.5 622
8.0 529
8.5 206
9.0 396
9.5 322
10.0 144
10.5 612
11.0 214
11.5 188
12.0 413
12.5 85
13.0 290
13.5 194
14.0 24
14.5 346
15.0 54
15.5 142
16.0 57
16.5 25
17.0 46
17.5 39
18.0 14
18.5 20
19.0 0
19.5 4
20.0 7
20.5 0
21.0 0
21.5 0
22.0 0
22.5 0
23.0 0
23.5 0
24.0 0
24.5 0
25.0 0
25.5 0
26.0 0
26.5 0
27.0 0
27.5 0
28.0 0
28.5 0
29.0 0
29.5 0
30.0 0
30.5 0
31.0 0
31.5 0
32.0 0
32.5 0
33.0 0
33.5 0
34.0 0
34.5 0
35.0 0
35.5 0
36.0 2
36.5 4
37.0 0
37.5 0
38.0 1
38.5 0
39.0 0
39.5 7
40.0 0
40.5 0
41.0 2
41.5 0
42.0 0
42.5 1
