0.5 0.016503961826380073
1.0 0.06330166790701747
1.5 0.1282230880357221
2.0 0.19349472486100774
2.5 0.25049249222956704
3.0 0.3005734798406514
3.5 0.3338878431029199
4.0 0.4271330385676137
4.5 0.4996278947598827
5.0 0.5600402749201068
5.5 0.6271067723153702
6.0 0.6770564286652366
6.5 0.6919844153570022
7.0 0.7500328328153044
7.5 0.7855360504312043
8.0 0.8093945628857856
8.5 0.8287002582848138
9.0 0.8384187716149367
9.5 0.8557982751827693
10.0 0.8703760451779539
10.5 0.8767237228034847
11.0 0.9031213063082782
11.5 0.9124458258547476
12.0 0.9218141224882896
12.5 0.9416013658451167
13.0 0.9446657619402005
13.5 0.9572297859300443
14.0 0.9654598782996979
14.5 0.9663354200411505
15.0 0.9808694129492623
15.5 0.9829707131287484
16.0 0.9891432824059887
16.5 0.9921639014139999
17.0 0.9933021056778882
17.5 0.9951845204220111
18.0 0.9971107122532067
18.5 0.9978986998205139
19.0 0.9986429103007486
19.5 0.9986429103007486
20.0 0.9991244582585475
20.5 0.9992120124326928
21.0 0.9992120124326928
21.5 0.9992120124326928
22.0 0.9992120124326928
22.5 0.9992120124326928
23.0 0.9992120124326928
23.5 0.9992120124326928
24.0 0.9992120124326928
24.5 0.9992120124326928
25.0 0.9992120124326928
25.5 0.9992120124326928
26.0 0.9992120124326928
26.5 0.9992120124326928
27.0 0.9992120124326928
27.5 0.9992120124326928
28.0 0.9992120124326928
28.5 0.9992995666068379
29.0 0.9992995666068379
29.5 0.9992995666068379
30.0 0.9992995666068379
30.5 0.9992995666068379
31.0 0.9992995666068379
31.5 0.9992995666068379
32.0 0.9992995666068379
32.5 0.9992995666068379
33.0 0.9992995666068379
33.5 0.9992995666068379
34.0 0.9992995666068379
34.5 0.9992995666068379
35.0 0.9992995666068379
35.5 0.9992995666068379
36.0 0.9992995666068379
36.5 0.9993871207809832
37.0 0.9993871207809832
37.5 0.9995184520422011
38.0 0.9995184520422011
38.5 0.9995622291292737
39.0 0.999649783303419
39.5 0.999649783303419
40.0 1.0
