0.0 230
0.5 1808
1.0 1906
1.5 2686
2.0 1897
2.5 1943
3.0 1529
3.5 1781
4.0 1708
4.5 1098
5.0 1176
5.5 1089
6.0 543
6.5 512
7.0 457
7.5 311
8.0 394
8.5 280
9.0 168
9.5 221
10.0 51
10.5 131
11.0 175
11.5 51
12.0 82
12.5 10
13.0 69
13.5 68
14.0 101
14.5 55
15.0 52
15.5 20
16.0 29
16.5 52
17.0 19
17.5 39
18.0 5
18.5 19
19.0 0
19.5 1
20.0 13
20.5 8
21.0 2
21.5 2
22.0 1
22.5 0
23.0 0
23.5 2
24.0 2
24.5 0
25.0 2
25.5 5
26.0 0
26.5 6
27.0 0
27.5 0
28.0 0
28.5 3
29.0 3
29.5 4
30.0 5
30.5 0
31.0 0
31.5 0
32.0 0
32.5 2
