0.5 0.018185801928133218
1.0 0.06323400525854514
1.5 0.128965819456617
2.0 0.19333917616126206
2.5 0.25035056967572306
3.0 0.30131463628396143
3.5 0.3355390008764242
4.0 0.42830850131463627
4.5 0.50056967572305
5.0 0.5576248904469764
5.5 0.6231814198071867
6.0 0.6772129710780017
6.5 0.6914110429447853
7.0 0.7486853637160386
7.5 0.7833917616126205
8.0 0.8075372480280456
8.5 0.8290534618755477
9.0 0.838036809815951
9.5 0.8564417177914111
10.0 0.8712094653812446
10.5 0.8772129710780018
11.0 0.9025416301489921
11.5 0.9124014022787029
12.0 0.921384750219106
12.5 0.9397020157756354
13.0 0.9430762489044697
13.5 0.956660823838738
14.0 0.9656879929886065
14.5 0.9665644171779141
15.0 0.98045574057844
15.5 0.9830850131463629
16.0 0.9900964066608239
16.5 0.9922436459246275
17.0 0.9936021034180543
17.5 0.9958369851007888
18.0 0.997589833479404
18.5 0.9979842243645924
19.0 0.998510078878177
19.5 0.998510078878177
20.0 0.9989921121822962
20.5 0.9992112182296231
21.0 0.9992112182296231
21.5 0.9992112182296231
22.0 0.9992112182296231
22.5 0.9992112182296231
23.0 0.9992112182296231
23.5 0.9992112182296231
24.0 0.9992112182296231
24.5 0.9992112182296231
25.0 0.9992112182296231
25.5 0.9992112182296231
26.0 0.9992112182296231
26.5 0.9992112182296231
27.0 0.9992112182296231
27.5 0.9992112182296231
28.0 0.9992112182296231
28.5 0.9992112182296231
29.0 0.9992112182296231
29.5 0.9992112182296231
30.0 0.9992112182296231
30.5 0.9992112182296231
31.0 0.9992112182296231
31.5 0.9992112182296231
32.0 0.9992112182296231
32.5 0.9992112182296231
33.0 0.9992112182296231
33.5 0.9992112182296231
34.0 0.9992112182296231
34.5 0.9992112182296231
35.0 0.9992112182296231
35.5 0.9992112182296231
36.0 0.9992112182296231
36.5 0.9992112182296231
37.0 0.99943032427695
37.5 0.99943032427695
38.0 0.99943032427695
38.5 0.9995179666958808
39.0 0.9995179666958808
39.5 0.9995179666958808
40.0 0.9998685363716039
40.5 0.9998685363716039
41.0 0.9998685363716039
41.5 0.9999561787905347
42.0 0.9999561787905347
42.5 0.9999561787905347
43.0 1.0
