0.0 156
0.5 249
1.0 383
1.5 397
2.0 792
2.5 984
3.0 1318
3.5 1303
4.0 990
4.5 939
5.0 1042
5.5 859
6.0 1032
6.5 683
7.0 565
7.5 438
8.0 422
8.5 270
9.0 655
9.5 956
10.0 1333
10.5 878
11.0 919
11.5 469
12.0 335
12.5 442
13.0 146
13.5 244
14.0 172
14.5 428
15.0 253
15.5 143
16.0 165
16.5 185
17.0 235
17.5 188
18.0 106
18.5 276
19.0 171
19.5 75
20.0 12
20.5 21
21.0 23
21.5 18
22.0 120
22.5 64
23.0 126
23.5 50
24.0 63
24.5 46
25.0 15
25.5 43
26.0 20
26.5 15
27.0 7
27.5 19
28.0 24
28.5 12
29.0 94
29.5 106
30.0 83
30.5 88
31.0 75
31.5 79
32.0 13
32.5 3
33.0 2
33.5 2
34.0 1
34.5 2
35.0 0
35.5 3
36.0 4
